<?xml version="1.0" encoding="utf-8"?>
<Armar6GraspTrajectory>
	<Keypoint>{dt:0,Pose:[[-0.283528,0.783461,-0.552993,107.928],[0.421392,0.619786,0.662038,730.201],[0.861418,-0.0453212,-0.505871,1076.53],[0,0,0,1]],HandValues:[0,0,0]}</Keypoint>
	<Keypoint>{dt:0.5,Pose:[[-0.28355,0.783395,-0.553076,108.028],[0.42138,0.619868,0.661969,730.195],[0.861417,-0.0453542,-0.50587,1096.62],[0,0,0,1]],HandValues:[0.07,0.1,0]}</Keypoint>
	<Keypoint>{dt:0.5,Pose:[[-0.234297,0.783597,-0.575397,107.868],[0.362186,0.619621,0.696341,730.117],[0.902179,-0.0452501,-0.428982,1102.42],[0,0,0,1]],HandValues:[0.12,0.14,0]}</Keypoint>
	<Keypoint>{dt:0.5,Pose:[[-0.151774,0.783467,-0.602615,113.029],[0.261686,0.619773,0.739866,719.448],[0.953145,-0.045404,-0.299088,1108.55],[0,0,0,1]],HandValues:[0.16,0.14,0]}</Keypoint>
	<Keypoint>{dt:0.5,Pose:[[-0.119692,0.783799,-0.609372,119.403],[0.222527,0.619347,0.752922,711.549],[0.967551,-0.0454828,-0.248547,1102.76],[0,0,0,1]],HandValues:[0.23,0.14,0]}</Keypoint>
	<Keypoint>{dt:0.5,Pose:[[-0.077416,0.783426,-0.616645,119.1],[0.169648,0.619833,0.766177,711.15],[0.982459,-0.0452982,-0.180891,1096.41],[0,0,0,1]],HandValues:[0.26,0.19,0]}</Keypoint>
	<Keypoint>{dt:0.5,Pose:[[-0.0119199,0.782539,-0.622487,117.93],[0.0880913,0.620933,0.778898,711.011],[0.996041,-0.0455514,-0.0763364,1078.61],[0,0,0,1]],HandValues:[0.36,0.2,0]}</Keypoint>
	<Keypoint>{dt:0.5,Pose:[[-0.0116669,0.783213,-0.621644,121.438],[0.0878191,0.620087,0.779602,705.713],[0.996068,-0.0454968,-0.0760157,1079.29],[0,0,0,1]],HandValues:[0.39,0.2,0]}</Keypoint>
	<Keypoint>{dt:0.5,Pose:[[-0.0128415,0.783096,-0.621768,121.698],[0.0888485,0.620254,0.779353,705.877],[0.995963,-0.0452352,-0.0775421,1077.5],[0,0,0,1]],HandValues:[0.56,0.2,0]}</Keypoint>
	<Keypoint>{dt:0.5,Pose:[[-0.0123189,0.782986,-0.621917,121.474],[0.0887846,0.620365,0.779273,705.516],[0.995975,-0.0456167,-0.0771593,1094.78],[0,0,0,1]],HandValues:[1,1,0]}</Keypoint>
	<Keypoint>{dt:0.5,Pose:[[-0.0126418,0.783137,-0.621721,121.609],[0.0878458,0.620237,0.779481,705.644],[0.996054,-0.0447616,-0.0766361,1129.92],[0,0,0,1]],HandValues:[1,1,0]}</Keypoint>
</Armar6GraspTrajectory>

